# Created by Octave 6.4.0, Mon Dec 20 17:19:11 2021 GMT <unknown@LAPTOP-AKB7TAJ0>
# name: X
# type: matrix
# rows: 400
# columns: 3
 49.885315716266632 13.648283064365387 35.281012415885925
 37.680985569953918 2.9678995236754417 43.892255067825317
 9.9225859344005585 48.962254285812378 46.576720714569092
 33.918180406093597 10.908248096704483 5.3596967458724976
 49.437005221843719 39.664328277111053 25.577513456344604
 14.643933773040771 12.755163908004761 16.171151846647263
 43.968941986560822 13.088545516133308 9.402944952249527
 43.446549773216248 28.417441189289093 33.946332335472107
 20.155729025602341 40.747650384902954 5.0113136991858482
 75.731268227100372 8.8156246766448021 47.53341943025589
 25.295123815536499 24.391351670026779 6.1934307813644409
 23.736278265714645 27.848523378372192 10.754701942205429
 22.750697880983353 8.7401676625013351 19.093302547931671
 45.783770322799683 9.6074341535568237 15.051129132509232
 49.081033289432526 11.229089260101318 26.729750692844391
 17.846860468387604 27.639993488788605 9.7056592404842377
 28.875459849834442 28.201224207878113 30.805191516876221
 38.976998597383499 81.930658459663391 56.553214132785797
 38.313202023506165 94.141714870929718 18.58501224219799
 34.338566780090332 34.802429616451263 2.2509173937141895
 43.147728681564331 3.3597367629408836 21.954764068126678
 89.612934768199921 41.371331483125687 35.03176337480545
 25.127617061138153 5.5617304295301437 37.962525308132172
 19.094603687524796 38.989917397499084 18.98670694231987
 37.390237092971802 37.759319722652435 34.788130223751068
 15.438029050827026 5.8878535479307175 31.602803230285645
 25.119832128286362 38.638218343257904 30.949780106544495
 4.8962438926100731 40.338820934295654 12.826249063014984
 38.592530965805054 32.517386078834534 18.728355526924133
 2.3525972180068493 46.154365837574005 8.9538926184177399
 8.8314949572086334 35.041240572929382 5.2113584354519844
 5.8553276136517525 12.775982871651649 8.3630547672510147
 32.462919294834137 29.336556851863861 39.246620118618011
 20.08493447303772 42.322806179523468 10.020221784710884
 61.358248889446259 65.417757213115692 59.753185510635376
 46.857121407985687 34.837024450302124 31.768239259719849
 2.7990034632384777 18.173223078250885 47.013360381126404
 6.2645016983151436 40.801308155059814 3.1438123919069767
 15.258011788129807 48.593095719814301 31.49349582195282
 40.40094268321991 7.4877660423517227 37.210881352424622
 18.98238879442215 24.193131595849991 1.4785189107060432
 12.35514160990715 16.019534766674042 18.100021928548813
 14.411464959383011 28.011281192302704 5.5254558697342873
 46.121876776218414 15.918500036001205 6.0339933559298515
 86.620886087417603 91.680973708629608 65.220774710178375
 23.58153173327446 34.306398987770081 9.8046896904706955
 29.683956742286682 10.762857794761658 47.787604153156281
 47.432496726512909 32.346698760986328 33.961870074272156
 12.522129222750664 9.3970080465078354 25.962612807750702
 48.357228755950928 9.5130277872085571 9.8474111706018448
 31.333687841892242 24.470056742429733 10.798942878842354
 53.346928834915161 88.516401588916779 85.496046483516693
 35.59281861782074 36.697750449180603 42.405591368675232
 1.1514326012693346 14.489710032939911 42.007398843765259
 31.540675640106201 35.720610678195953 33.317579627037048
 29.502331674098969 27.991604924201965 16.342109322547913
 26.623653054237366 19.731605708599091 35.721635818481445
 1.5002322252839804 32.126097917556763 14.580553233623505
 1.790662445127964 32.781959891319275 44.406779110431671
 94.856190979480743 98.779896914958954 67.370617270469666
 22.848065763711929 10.786021292209625 33.679649829864502
 84.824292600154877 28.428680568933487 98.669297099113464
 28.610009849071503 1.7490399423986673 47.330870568752289
 27.87673956155777 10.15446113049984 2.272411935031414
 29.472421526908875 14.242954969406128 23.001388490200043
 28.704097867012024 21.311460793018341 3.4979616701602936
 13.463318258523941 34.169658124446869 35.298436880111694
 47.282818764448166 98.59393721818924 95.160120666027069
 44.750052154064178 37.071649193763733 11.896089047193527
 43.368271112442017 18.825248807668686 32.160476624965668
 1.6892460705712438 18.440273582935333 13.875507891178131
 34.690067231655121 26.267754137516022 35.9885373711586
 31.778210282325745 5.3460366055369377 33.605410397052765
 17.756586790084839 46.174135565757751 20.361513525247574
 39.426203668117523 4.0943059995770454 33.726087808609009
 15.084719270467758 29.474150538444519 25.171835362911224
 62.838709712028503 98.239177525043488 92.76228266954422
 28.539088249206543 27.272645711898804 19.396618485450745
 1.3551520346663892 10.448187187314034 43.016376376152039
 16.548606336116791 40.783384561538696 81.003621578216553
 2.6701365858316422 90.131219089031219 76.888533055782318
 39.264789342880249 28.119347333908081 34.501222372055054
 86.295713305473328 28.830455362796783 83.995687961578369
 27.39118230342865 33.148043036460876 14.56519803404808
 41.543988704681396 16.799627095460892 28.396301686763763
 11.050782024860382 14.154373794794083 49.183234810829163
 2.6607490554451942 16.933106362819672 46.612106382846832
 42.763917326927185 34.391246140003204 29.393190741539001
 47.904785573482513 14.11948835849762 47.692622423171997
 47.468765079975128 22.984463453292847 39.50160551071167
 13.66124626994133 36.497789680957794 21.660874456167221
 33.028735399246216 34.923764169216156 25.463571012020111
 34.977080225944519 27.662347972393036 43.90686696767807
 9.7559152096509933 19.946419328451157 46.403372704982758
 70.00882089138031 38.195447415113449 84.29038280248642
 49.117278277873993 18.291403353214264 25.011130750179291
 31.892254948616028 6.6427127495408058 5.2390259057283401
 33.528346717357635 43.037258863449097 26.87792581319809
 24.701982319355011 10.495578020811081 6.7215291708707809
 16.054602742195129 46.436025321483612 4.2346490919589996
 15.610817760229111 24.53131690621376 17.945630252361298
 18.831506252288818 32.753238439559937 45.734879016876221
 22.35395485162735 19.099645406007767 34.171901881694794
 30.476942181587219 29.060902178287506 8.700593888759613
 81.909002304077148 55.653840482234955 47.969460517168045
 25.120844125747681 14.48051443696022 1.4765270426869392
 48.002632439136505 13.988176941871643 11.281567096710205
 46.580769866704941 51.741877257823944 12.756796419620514
 10.677785754203796 39.587080597877502 22.181908577680588
 11.209118008613586 15.942523658275604 39.38386332988739
 6.5473341792821884 20.358848452568054 45.243974089622498
 46.816790461540222 4.7451163828372955 32.832626938819885
 80.424676418304443 48.89349091053009 2.2051276247948408
 12.379877865314484 35.353887915611267 45.662117421627045
 23.924613267183304 23.838651016354561 36.718671679496765
 16.044608354568481 11.703275054693222 24.444949567317963
 14.24601286649704 31.374018788337708 27.651252508163452
 17.915211915969849 37.007827639579773 11.521553605794907
 83.058094441890717 92.751855850219727 83.787499725818634
 6.4139994345605373 40.858098298311234 18.154870539903641
 6.2305242121219635 45.028878629207611 33.659220039844513
 32.174644589424133 27.955669522285461 35.378432869911194
 8.2825345247983932 31.752999424934387 10.840251505374908
 21.130749881267548 14.958889871835709 1.8418092057108879
 17.280826777219772 44.983971059322357 43.218291044235229
 24.493475794792175 18.721316814422607 9.4786089211702347
 95.767549276351929 29.551177531480789 57.764147281646729
 35.342389404773712 42.997170329093933 16.305800080299377
 90.804996967315674 66.34987473487854 10.224277935922146
 7.9086401611566544 18.769467741250992 36.543859660625458
 32.16735178232193 45.495665013790131 24.496781945228577
 23.462198287248611 53.2653848528862 55.163455426692963
 43.524343609809875 28.4367436170578 2.9188324324786663
 13.647731065750122 18.473460674285889 41.311354875564575
 84.546893179416656 66.716141104698181 73.703065991401672
 19.598337471485138 34.806328654289246 6.4802608713507652
