# Created by Octave 6.4.0, Mon Dec 20 17:58:50 2021 GMT <unknown@LAPTOP-AKB7TAJ0>
# name: X
# type: matrix
# rows: 200
# columns: 3
 46.892939984798431 17.771394371986389 30.781195640563965
 35.002428352832794 45.388486742973328 38.215162515640259
 28.283813714981079 24.755285233259201 37.44584584236145
 46.560850024223328 27.944901168346405 48.881320774555206
 40.738318979740143 10.714627280831337 1.4124531280249357
 58.022852778434753 19.073632940649986 64.651902318000793
 22.343371093273163 46.815344750881195 2.7472362518310547
 84.182633101940155 24.707691296935081 21.749026730656624
 29.773722231388092 2.8849984221160412 7.3031582832336426
 4.3549022823572159 39.462691068649292 26.073494434356689
 12.372338265180588 42.228145718574524 27.564544916152954
 32.168841302394867 6.9811083450913429 40.462284624576569
 4.7195276692509651 36.023803949356079 45.778454780578613
 18.764515817165375 5.0045506209135056 21.249610662460327
 26.901781499385834 25.840688288211823 40.895740807056427
 30.419347405433655 1.9318902138620615 5.1969367414712906
 24.160879105329514 27.885308682918549 3.5934099704027176
 37.225814521312714 49.394393265247345 46.38407027721405
 21.002151727676392 24.445478200912476 37.111296713352203
 41.781599283218384 41.36576908826828 36.892062723636627
 49.527614772319794 26.650590002536774 21.246745526790619
 45.519006669521332 41.549444437026978 28.186559736728668
 20.881091713905334 36.867552816867828 12.939059033989906
 1.1700056479312479 46.220702052116394 28.409316003322601
 51.5368931889534 7.7109365090727806 56.925157129764557
 24.854741364717484 39.978675425052643 3.9478379860520363
 12.240546405315399 29.357436418533325 38.697653114795685
 30.347196221351624 42.487456560134888 11.1294075101614
 75.16741156578064 74.56709349155426 78.536784827709198
 17.882684886455536 42.819736361503601 34.097112655639648
 27.079755783081055 8.1927186548709869 2.1727603953331709
 29.649837970733643 9.9557628035545349 39.028817236423492
 10.389142319560051 42.327067375183105 16.879385054111481
 2.3590658605098724 47.751239418983459 9.2343458831310272
 4.3094219043850899 48.982719123363495 22.357528835535049
 4.0280192531645298 39.583879590034485 27.394120454788208
 81.98864620923996 74.335502445697784 9.3079725056886673
 21.625812321901321 40.979869484901428 26.974846839904785
 32.978862762451172 26.370291531085968 1.4119081571698189
 17.28575387597084 49.198533058166504 31.682843029499054
 28.390442907810211 2.0347287971526384 11.035163968801498
 39.8813396692276 32.400152087211609 48.084772169589996
 47.455711007118225 74.500331163406372 81.146257162094116
 23.669440910220146 94.754790604114532 67.296490669250488
 19.319103568792343 44.846742451190948 44.34862357378006
 35.81099534034729 15.51506644487381 15.836608558893204
 25.713892161846161 5.6196442842483521 25.925091505050659
 24.119216352701187 3.5892051793634892 3.3425083458423615
 12.898338183760643 21.326902151107788 12.624047443270683
 11.911511421203613 42.333533644676208 44.020949602127075
 38.464207351207733 48.969953060150146 4.4801081269979477
 12.156216204166412 14.252449929714203 34.4610316157341
 5.8447461798787117 17.914795726537704 37.628583669662476
 26.553817927837372 5.5985343530774117 2.2114642783999443
 38.235574781894684 30.064029693603516 26.62228912115097
 47.793734550476074 39.476926207542419 22.934418499469757
 3.2899103984236717 32.161729574203491 36.846880614757538
 49.853930652141571 2.2577442694455385 42.066827774047852
 46.214264988899231 48.873700857162476 4.431836724281311
 79.818723022937775 66.348393619060516 8.5415171980857849
 12.888917699456215 21.292098492383957 19.425450921058655
 13.667905300855637 25.204428106546402 41.497217774391174
 20.004628896713257 29.070677518844604 49.057507634162903
 29.884925127029419 11.477891683578491 13.271987944841385
 6.1075752824544907 12.344594493508339 19.788334518671036
 2.8742067031562328 32.408922731876373 13.091942206025124
 36.039718449115753 7.4390485137701035 39.903221011161804
 16.606789737939835 37.639702498912811 10.325641304254532
 30.505359888076782 46.351277470588684 16.829678893089294
 18.510787755250931 48.684268951416016 10.388887494802475
 25.221696317195892 28.430180966854095 39.353506326675415
 15.862678080797195 27.861379981040955 40.509438157081604
 25.940126895904541 11.428573235869408 41.343373715877533
 7.7604475170373917 41.156161487102509 33.342074930667877
 14.736295700073242 27.176139414310455 40.275344014167786
 9.5540480017662048 25.806642532348633 35.47803795337677
 17.583583414554596 27.476187169551849 35.994326055049896
 25.805696249008179 26.899193823337555 45.972477912902832
 15.168119251728058 3.4235694520175457 38.174627125263214
 3.9946837574243546 6.4354639202356339 10.636376366019249
 31.277895092964172 44.104199171066284 33.41436630487442
 25.888300359249115 7.5680730789899826 5.7418747395277023
 17.557040750980377 37.599026918411255 41.358230948448181
 33.527657449245453 31.474140822887421 45.473503291606903
 80.754988849163055 98.89663952589035 48.979593306779861
 33.784696042537689 2.5721533894538879 28.490743100643158
 46.270872592926025 14.713501662015915 34.62845367193222
 48.028810024261475 45.965742945671082 37.386764466762543
 39.35100919008255 30.024805665016174 21.783067673444748
 49.886708855628967 19.413543522357941 11.080895155668259
 46.437027096748352 38.506004452705383 8.3786866962909698
 12.18132483959198 37.394203305244446 16.344105571508408
 16.003862679004669 37.221074342727661 14.172192543745041
 22.281980589032173 93.798928022384644 85.352443158626556
 25.838675975799561 24.603472471237183 13.606075614690781
 41.595280766487122 49.139603555202484 10.520950242877007
 96.409137964248657 37.850025832653046 14.692145675420761
 37.420377969741821 4.5565146654844284 1.8869391996413469
 37.656037569046021 23.862444996833801 49.932974517345428
 34.282067984342575 50.423094093799591 43.824490040540695
 81.611129939556122 79.849763691425323 97.528766453266144
 30.908015340566635 3.1335108242928982 26.602444112300873
 51.761606535874307 64.085242539644241 88.337808430194855
 88.113071978092194 65.347876578569412 82.65196567773819
 61.133552610874176 96.624102056026459 78.75201952457428
 94.340524673461914 80.457520008087158 94.506054162979126
 83.5623819231987 10.620055980980396 96.02080237865448
 58.624486714601517 87.700787425041199 72.431774109601974
 84.722781181335449 64.036140948534012 85.414975762367249
 77.759254395961761 59.349887371063232 56.911670058965683
 89.297398149967194 96.200105786323547 53.035217251628637
 88.952731966972351 88.202735245227814 71.711664170026779
 26.16237273812294 36.037656396627426 55.713893532752991
 53.899668987840414 62.410324677824974 87.925223052501678
 91.04775071144104 76.322875142097473 80.71362692117691
 64.094040930271149 52.126552689820528 97.955806016921997
 90.595243275165558 99.416096448898315 71.950424015522003
 94.343787014484406 54.691191740334034 99.91636198759079
 68.400630444288254 60.48755943775177 57.455490916967392
 54.420187801122665 81.85419625043869 84.432421147823334
 64.093910962343216 67.015976965427399 88.692387223243713
 55.12618563324213 83.2317715883255 69.528011679649353
 64.657457739114761 96.51801609992981 55.476952277123928
 56.755029134452343 92.053170919418335 62.992228329181671
 79.8147132396698 82.918633580207825 96.359487354755402
 57.741058200597763 60.270132586359978 83.68666809797287
 66.989497095346451 96.456504762172699 67.530251294374466
 16.996188029646873 40.596200436353683 58.330659329891205
 6.1881230026483536 90.626879513263702 24.349265694618225
 94.53677624464035 92.792413890361786 70.278301924467087
 96.958023250102997 55.052499294281006 54.350312881171703
 44.639614164829254 87.653784394264221 13.140551462769508
 63.400891304016113 99.19561243057251 96.327716767787933
 27.384411305189133 96.690715193748474 10.853742569684982
 83.727294027805328 92.004878342151642 59.169666394591331
 74.43229740858078 81.659965753555298 81.02273154258728
